"id" "treatment" "age" "sex" "bio_0" "bio_3" "bio_6" "bio_12" "follow" "death"
"1" 1 1 77 1 70.3016897138636 55.0037746695962 58.3412054629303 43.4881386296285 2.6428327083122 0
"2" 2 1 79 0 64.883702220886 60.050122840624 61.0512744036321 51.5989985663857 2.42541937949136 0
"3" 3 0 64 0 68.2375946192972 59.3481386737029 58.4906848399511 55.6857747306873 0.117348365234406 1
"4" 4 0 69 1 64.7553921970161 60.2310225797577 55.7302666113215 48.0558855404822 0.177066087489948 0
"5" 5 1 48 0 69.1411603381391 58.9502319243381 60.1652454065005 47.0980926853212 1.3736018599011 0
"6" 6 0 66 1 66.7019376705059 70.8259606396116 62.9194884055601 62.4162702944807 1.82521481323056 0
"7" 7 0 58 0 65.222237424661 73.8872088514755 65.1696941951354 58.3175488946961 1.4501951949054 1
"8" 8 1 61 0 62.0546729710313 57.5550482174982 54.8840719063529 48.207778822816 6.02494734991342 0
"9" 9 0 66 1 61.9808286240224 58.9688887725702 46.7865255213647 52.3997586596764 0.622812940603602 1
"10" 10 1 70 0 53.1677704014894 46.2895289476361 42.6216344410013 35.5425388297266 4.29271056782454 0
"11" 11 0 62 1 73.476987367615 75.0875954503402 73.1205961988515 72.4456463766291 0.0465996000408788 1
"12" 12 1 83 0 66.7437451558002 55.8337628578359 48.3878265700649 46.3984489969013 2.98328076675534 0
"13" 13 0 67 0 64.9498952101751 57.5594301872088 61.4395659025234 44.8892699022643 0.740319386823103 0
"14" 14 1 60 0 71.9304829217268 62.5267329013232 62.1338824169668 44.8166393183184 2.02367540239356 0
"15" 15 0 66 0 64.5534512804642 62.7502598148671 61.1863651675382 50.3107723667182 0.584106992183384 1
"16" 16 0 61 1 59.4439174128359 61.6970998734406 57.8675306848493 55.739435940049 4.81863414263353 0
"17" 17 1 53 1 57.121751994036 59.6807238045784 50.9663186857194 38.9156722019748 0.298266667868285 1
"18" 18 0 66 0 63.9852189707757 51.7209353350857 48.4760695987485 43.7529891271257 6.18846603459679 0
"19" 19 0 70 1 63.3126896003441 59.9717090534721 59.0171647421951 52.8912121385345 3.207039581324 1
"20" 20 0 65 1 62.9451528556954 58.6889405050843 55.5202891262118 53.0608210292286 3.2738989579957 0
"21" 21 0 65 1 72.0486228164138 71.6297481036964 71.9350821788228 62.4768915904141 3.26287023629993 0
"22" 22 0 63 0 68.1050760982888 63.0187836534719 61.2886513232149 53.8067081208481 0.178672308800742 0
"23" 23 0 69 1 63.925422721611 61.8297461253249 58.1356003781411 51.4827582877422 1.06519116467564 1
"24" 24 0 52 0 66.9376371958752 65.6610684792611 66.1888756744391 64.9739099207109 1.14849481731653 0
"25" 25 0 71 1 68.2008360582638 60.1616995182476 64.175740125802 57.4698147322206 0.506969782230822 1
"26" 26 0 55 0 59.6466692494298 54.7193683097006 55.2738510394098 51.917016389327 4.99080088548362 0
"27" 27 0 65 0 64.4952877372297 64.091067409192 61.5396717976544 56.5111133807582 0.897104081403269 1
"28" 28 0 68 1 61.7822738969106 57.9434828325923 56.242658239156 50.392796243355 0.612124146195129 0
"29" 29 0 64 1 62.1849014459049 64.3405351631832 58.2427357357676 56.0157622305533 1.82424003095366 0
"30" 30 1 50 1 63.9929722356381 54.4633852059944 51.3087730877532 47.0715585630735 0.945120471064001 0
"31" 31 1 62 0 62.6918219744733 54.0478388337732 50.7172002943999 40.5812996663589 2.93005624692887 0
"32" 32 0 65 0 71.5972328260394 68.7635832289685 62.3690186764433 59.5476854897664 5.73183081764728 0
"33" 33 1 70 1 61.4957706310346 51.8425455680473 54.2569084240821 44.3071276838201 1.12210161588155 0
"34" 34 0 66 1 64.5494207942591 61.5954189623759 61.7630827896702 48.5839130993749 0.621826747581057 1
"35" 35 1 67 0 65.7817616420168 62.7016614982812 56.9851746038524 52.413388042354 2.21336653502658 0
"36" 36 0 71 0 55.3266188638052 63.7426107662886 61.1338522422209 49.359895660533 2.08285966818221 0
"37" 37 0 56 0 62.0050483648688 52.7490692938517 54.1291846941822 44.9196252337704 0.851540401112288 0
"38" 38 0 57 0 71.230482516267 64.9988360188387 63.1628034329094 52.6416434683187 1.31129487603903 0
"39" 39 1 62 1 62.8922944567634 57.8298643018078 49.4850660901155 47.3793501205764 1.77582031511702 0
"40" 40 0 65 0 62.89761868227 66.2965691273017 60.4024509182738 48.7518694335228 1.11302613944954 1
"41" 41 0 73 1 63.7309463297835 66.9380514705157 58.4650348490112 52.7930876830364 3.84838768960365 1
"42" 42 1 55 0 61.0079197275174 61.0721362419339 51.7773400922208 42.3116756150184 0.811682007974014 0
"43" 43 0 55 1 62.3718265630607 63.6500506844285 59.4005419563208 47.6682724371426 3.05115395368142 1
"44" 44 0 68 1 64.297394061103 62.3108535392244 58.0164064314586 57.4614517882632 2.35846911603585 0
"45" 45 0 59 0 63.1696500812914 61.7251725545433 51.5462478597412 49.6595076130985 2.159869130468 0
"46" 46 0 60 0 67.1296623884055 60.8679815208932 64.9826958320081 55.5811287611547 1.51208416861482 0
"47" 47 1 67 1 59.6227518193062 57.3823769491313 54.0809705043666 39.214759275902 4.11974729876965 0
"48" 48 0 57 1 65.6553626047488 64.2592737376892 64.8058578382886 59.2094281741829 0.431639924426809 1
"49" 49 1 56 0 58.2641353898333 50.9277105848161 50.57770183629 41.0533539522974 4.12296234583482 0
"50" 50 0 60 0 73.960291932836 70.1559148712422 66.7397192947404 62.0791158947971 0.607449492672458 0
"51" 51 1 59 0 66.4114080234143 59.9544861487007 49.1355045800655 45.0136088036506 5.56297461284534 1
"52" 52 1 57 1 48.4847589876645 51.0044358020663 42.4200367626878 39.5678917889874 1.16381586783446 1
"53" 53 1 69 1 65.9513038359515 59.6696892852457 58.1931436332043 52.8305742592526 0.736173114273697 0
"54" 54 1 58 0 65.3871326087084 49.3163466409962 53.765484603245 39.6234193604631 0.788795909844339 0
"55" 55 1 63 0 60.7873942469971 56.1141822112695 51.7118989135301 44.7134713266497 2.11757778100375 1
"56" 56 1 63 0 71.6207298148809 57.235395994103 59.3808697391068 48.1227730510514 0.65671381702631 1
"57" 57 1 47 0 56.8779268680641 55.2088636360382 52.7816078084798 47.8547810516737 4.1764690647833 0
"58" 58 0 65 1 80.3267802656992 73.4308220223054 69.5788933725776 60.8265167162106 1.06300311238453 1
"59" 59 1 74 1 58.1860973111777 54.9419921338305 47.545004644663 44.1155221289044 1.52147749694996 0
"60" 60 0 62 1 63.8655057215974 58.3280521302081 60.9208903503883 53.3111219709082 2.82754271058366 0
"61" 61 0 56 0 66.3351905436979 61.0141813432142 58.6372473364778 48.3694616077604 3.40331025863998 0
"62" 62 1 72 1 65.2056877244698 60.1587952394694 51.5774882516242 46.4925448707401 0.446508982480334 1
"63" 63 1 64 1 61.2317515106037 54.8116692494928 54.8802727468087 43.5971662347805 0.868559572598646 1
"64" 64 0 70 0 63.8234000466838 67.0831928592528 66.7662724290179 57.0769303270519 1.79120962833986 0
"65" 65 0 64 0 60.7090001377311 56.3482792410448 51.7183298136394 50.207908729419 1.79877863370403 1
"66" 66 0 67 1 60.7966109452231 62.0909270219226 56.8483744297779 54.1466168701663 1.17537393489919 1
"67" 67 1 74 1 67.1430927452897 61.1762335806993 60.6957183738388 45.5636167795036 5.86452205153182 0
"68" 68 0 67 0 67.6018517459825 64.4358131236953 57.9756647281134 54.6831129088341 6.61093612154946 0
"69" 69 1 65 0 57.8143209971715 52.958672326086 47.2897256543526 42.3515355589402 1.58466983796737 1
"70" 70 1 57 0 50.2393852882011 60.0117183734096 43.0524045343669 28.9274925883683 4.96064758626744 0
"71" 71 1 67 0 56.9951686919803 57.819983452753 63.1570726545771 50.6207406869295 3.70088742370717 0
"72" 72 0 59 0 67.4104714117149 62.2936573340772 63.2941459408113 53.4778165608226 2.55424320860766 0
"73" 73 1 79 1 62.4422429364804 63.6536074506934 56.6371107468332 50.8214215018507 0.161322297576423 1
"74" 74 1 65 0 63.4196688768211 53.6999342592983 44.0067945988928 43.7540602741083 6.57981936726719 0
"75" 75 0 56 0 59.9363881335613 61.9068731420253 48.6541679947487 49.3773319794302 0.681277961857631 1
"76" 76 1 75 1 64.6040949382291 63.6610439080727 55.5541521456321 53.613726810577 0.286279130974167 1
"77" 77 1 58 1 54.3834795717526 52.2197130451896 43.4907651322703 34.9492059252306 0.0743989069014788 0
"78" 78 1 49 1 56.5135696879235 60.2947734842509 46.2095852624174 40.0399905256174 0.93716356457289 1
"79" 79 0 54 0 67.418765439875 57.8159119099384 59.1375315234813 54.0060280732643 1.09955380196217 1
"80" 80 1 62 0 68.8897370403136 64.6290647230461 56.940918725089 54.9435046108675 6.27834169752896 0
"81" 81 0 59 1 59.0126071866738 54.4553108805888 56.4492401115417 52.1770965551107 1.19013116694987 0
"82" 82 1 66 0 63.5871544390974 61.3577047596716 52.157620649786 46.3182672512854 1.73888033011979 1
"83" 83 1 60 1 52.904410333428 52.6437439562674 43.7763230534124 42.8278314273999 0.0276312737260014 0
"84" 84 1 47 1 53.8047690031441 47.7625954030554 47.0731720242943 37.6554246050832 0.964956359937787 0
"85" 85 0 60 0 65.9750557481819 59.8093040077936 53.5198288397496 54.4702503519461 2.9726443788968 0
"86" 86 1 76 1 64.703580830473 58.5552262428247 63.2726817222414 47.4018499445922 2.92217811150476 0
"87" 87 1 58 0 62.2569276667479 50.7950633691036 48.4840950280358 38.0928974167474 0.987522338051349 0
"88" 88 1 57 1 64.3860062010725 58.7738496360068 57.9488379454158 45.7398054485527 4.639312015334 1
"89" 89 0 61 0 64.7768505726016 62.2170988051948 56.9051779859134 53.2681019334237 1.80530154787642 1
"90" 90 0 75 1 73.9589897105041 66.3026342510194 63.0293941847229 55.911814085557 1.06860202085227 0
"91" 91 1 55 0 65.8716083427828 67.9391292757675 55.2398236985063 47.6819738254053 2.55734284198843 0
"92" 92 1 68 1 60.8397609202047 53.3520990500767 47.8686541689254 44.1467052072883 0.726903252536431 0
"93" 93 1 57 1 76.6087972577473 60.1617360170715 54.0628826767022 52.8841718918011 3.78659631754272 0
"94" 94 0 59 1 68.195225074336 67.526911439765 63.3807297689349 57.2602390880694 0.565780528836988 1
"95" 95 0 59 1 77.9770994382809 71.7987880271528 66.9667204696614 56.7712737316674 2.50333184920698 1
"96" 96 0 68 1 62.1473521446991 61.0090732076702 62.8692066003873 53.7381124734083 0.426699335894683 1
"97" 97 1 67 1 64.216519903729 58.9146114357197 56.9660972610307 45.9444003099156 1.10292348917574 0
"98" 98 0 71 0 64.347990874813 64.1005578911799 58.0708775956456 55.5182468035662 1.64746400318108 0
"99" 99 1 71 0 59.1817556620972 55.4742656842177 58.8852875145393 42.7247639612611 4.24016157387745 1
"100" 100 0 79 1 68.3271624636274 63.1267053720554 66.8467674027998 60.4850207495685 1.54447716899778 1
"101" 101 0 63 1 72.6614785211038 66.2262447032534 53.7481890266355 53.3729606117313 3.12958913180046 0
"102" 102 1 42 0 60.1713402552846 59.0139564818593 47.2402811251541 43.9406738803515 6.09959891065955 0
"103" 103 0 58 0 64.0987852848977 61.1910299108072 66.1039078031091 54.8837968857079 1.84786827652715 0
"104" 104 0 56 0 69.8880420380443 64.3801936547682 61.4231707234648 50.2783364366449 3.82162879570387 0
"105" 105 0 60 1 74.028572583258 73.2490740952479 69.9555908325758 70.4888004768456 1.78414448513649 0
"106" 106 0 71 1 68.7845964410928 62.5569694854232 63.4320766119788 61.9463352777884 1.9448628583923 0
"107" 107 1 57 1 59.6756413529215 57.1040404881397 45.0660750588656 40.8401972393543 1.84275569404047 1
"108" 108 1 56 0 59.6222848124933 54.2443737645003 51.1670081372081 48.5249689993824 3.77599235484377 0
"109" 109 0 66 1 63.7208994976437 62.8318819810912 62.0749051873222 57.4532936405239 1.85755738033913 0
"110" 110 1 68 0 63.9469899062307 55.6665141784298 47.2772712597479 36.6202180203604 3.47911564493552 0
"111" 111 0 60 0 61.9328753616399 63.8529788241698 54.7481977106906 54.6350241965392 0.660526584368199 0
"112" 112 1 65 0 68.8037815980535 54.3630222324578 49.4590854054369 39.2872279613458 0.916604120349937 1
"113" 113 0 66 1 69.2792116861587 71.9718515086552 69.5525970570592 58.009145433548 1.95069039380178 0
"114" 114 0 65 1 66.5103860714866 72.0152839788614 63.6603493540211 58.2827822323869 3.53738052747212 0
"115" 115 0 57 1 59.311738449685 59.1832397389342 50.8050849752021 55.3384002837356 4.76819501328282 0
"116" 116 0 68 1 55.6764436083356 60.1032811579587 57.9812976851387 52.2933042964382 4.39740579668432 0
"117" 117 1 44 1 46.032637947995 45.4687593952958 36.6192434249894 35.5052762822769 2.56337340991013 0
"118" 118 0 67 1 65.1043949148586 60.8062984815192 60.11007792425 58.8228113814921 5.58405136410147 0
"119" 119 0 65 0 56.9164967112213 58.6171832307172 54.9741113243054 48.8355604941238 1.56054636067711 0
"120" 120 1 78 1 63.8061794893137 58.6591924469705 48.3643199957618 34.0467482707413 0.292030754198791 1
"121" 121 0 64 1 70.8204300868476 67.0320048946983 60.30501268881 62.1056752687505 2.92837383891164 1
"122" 122 0 63 1 63.1792345390086 59.2434352775746 53.3314716889 56.3083613003097 1.51294118049555 0
"123" 123 1 72 1 66.6332723985458 56.7158716059177 52.0786489082278 48.2861916399699 0.155111400918416 1
"124" 124 1 68 1 61.9164237179022 63.971599903317 47.2405115583111 46.2644777766154 3.4050167706539 1
"125" 125 0 62 1 64.2664334112153 55.8917993236912 61.7363653475367 57.1484719743851 0.444893087636115 1
"126" 126 0 62 1 66.9040877461412 61.8436346102558 56.7968628661719 54.4521156860185 0.507698943314617 1
"127" 127 0 63 0 62.3055523241817 57.3422129829592 47.3602934287267 51.528065948763 3.38552022662662 1
"128" 128 0 53 1 61.929659587994 63.0655277726694 60.931994704635 51.6464232679489 3.89722850103863 0
"129" 129 0 72 0 60.6542770555058 60.084954105374 57.3836052948896 58.8871862733505 2.11383418366313 0
"130" 130 0 58 0 65.5280856407614 63.141466259159 51.8057736384043 58.9577333264824 2.59401438059285 0
"131" 131 0 60 1 72.8085341313402 58.6754832237982 61.3006398818193 48.4088419944856 0.809301740512169 1
"132" 132 1 68 0 58.1056947650606 54.4032502054065 45.4142918318673 38.467190181158 0.787960599112519 1
"133" 133 0 59 0 67.7594028010897 64.1823082786922 70.2168773737569 62.8495041133897 0.8952738835942 0
"134" 134 0 61 0 61.2925497959206 58.6148075232903 64.3943512533693 50.1560240619308 0.939897195901722 0
"135" 135 1 74 0 57.3323992534731 61.7623200708452 52.4021506149411 39.9952428495275 1.83669069735333 0
"136" 136 0 57 1 60.2772505366912 62.2012979735441 56.8195951399448 45.2306306355302 4.04556630621664 0
"137" 137 0 60 1 64.3158268143203 66.4083433754336 65.0732122725863 55.7800252771344 3.65933059943966 1
"138" 138 1 74 1 60.6564751710811 55.759661111715 49.080686855555 39.8061094313531 0.749014131026343 0
"139" 139 1 59 0 62.33267447238 54.6630839193134 53.9581402761768 43.2215463545492 3.11820606561378 0
"140" 140 0 58 0 53.8135035919726 63.475997541528 58.208045516349 53.2140353433086 1.31476497798633 1
"141" 141 1 64 0 60.9467800635144 62.4625030767533 52.9271635438646 45.5083564717124 5.56738662160933 0
"142" 142 0 67 0 69.8937787044656 62.7163976553976 58.2448758257708 49.7064355783392 1.54972549376567 1
"143" 143 1 57 1 54.796730219828 45.1968524802969 44.1569646645686 33.3424692265338 1.04720794782043 0
"144" 144 1 61 0 61.2140856296322 53.2071362581214 55.8057702021851 49.0678709253818 2.64613051246852 0
"145" 145 1 61 1 64.9505244494852 55.5433841384177 52.7796260250509 48.2183694750094 1.16826153849252 0
"146" 146 0 54 1 71.4009654401196 68.1340216792762 60.4776966168748 59.1082568758596 4.31827186141163 0
"147" 147 0 62 0 59.0241304006423 56.0851572478236 60.0062432216075 53.3337204400579 3.29030797118321 0
"148" 148 1 76 0 64.4247238606508 62.7381655273785 58.4572613758618 47.1988299903393 2.25425195577554 0
"149" 149 1 69 1 66.9406206357593 54.6600461766855 50.0555359432881 52.8552237426031 5.66125116264448 0
"150" 150 0 56 1 63.5109663904361 61.4472817323466 52.4657469792433 50.6293599650294 2.53417331259698 0
"151" 151 0 65 0 57.6591745328994 55.4709437591099 53.4746022279246 43.6876747517066 1.3477223792579 0
"152" 152 0 60 1 61.6734943722971 60.0542998455906 57.4931439650244 51.9059132066014 4.51889027119614 0
"153" 153 1 61 0 57.094528496838 62.9431922754208 49.693545795872 44.7171095466942 2.01292077475227 0
"154" 154 1 69 0 60.7554341514468 57.0606675110456 58.0901690860298 44.3526345444843 3.52052000329504 1
"155" 155 1 67 0 56.9634373840464 51.0526770477363 40.7943435173471 36.1098770221877 5.55536030675285 0
"156" 156 1 69 1 59.8288602701027 56.4861998384094 48.0036804584396 47.1957574625418 5.32866097125225 0
"157" 157 0 66 0 60.5277870973188 60.3947656517925 53.6812151609171 54.9558607571478 0.249803139005564 1
"158" 158 1 56 1 64.4412991165852 63.9840820253824 55.1679460159387 45.7668885035361 1.70691892248578 0
"159" 159 1 58 1 64.5386317719241 53.1707210766144 48.2176028405056 49.7308702224294 2.9319100305438 0
"160" 160 0 52 0 55.1804494883966 59.0312455955557 58.9942578541897 45.0735007117225 3.14090138743632 0
"161" 161 0 67 1 69.1496330105275 60.27472533989 62.1544311781569 55.1029223164525 1.52936430762203 1
"162" 162 1 73 1 63.1844394108916 60.6724820581276 46.687435636308 45.6242164028642 0.856920887646101 1
"163" 163 1 49 1 65.3584762790107 61.3655214343231 51.682171614404 44.21566493814 5.3738993217703 0
"164" 164 0 63 0 54.8425354707035 63.9941953375628 52.7891075506203 54.6144089132588 3.15080430805837 1
"165" 165 0 66 0 57.3392627579205 53.3052581714719 53.6105619107211 44.5528820881672 4.10165616002015 1
"166" 166 0 60 0 64.811309842303 58.6436423728729 51.2619096928551 53.8260427253364 4.05357552599162 0
"167" 167 0 55 0 58.3442442555211 63.3787575427293 56.4655285986587 49.6939456182942 3.75678637460805 0
"168" 168 0 54 0 62.9242711512052 61.655135820506 52.4916708507217 51.4795474464552 2.75789779844573 1
"169" 169 0 72 1 61.2724555277787 64.211975219558 58.3961495925361 54.2529872667075 0.801927108615807 1
"170" 170 0 60 0 66.0887911665853 64.1974660332277 57.5764718877606 47.2739112635479 0.541140786299112 1
"171" 171 1 71 0 66.8098217748658 57.1890015955632 58.1862903988626 44.5975134100553 3.89594771130942 0
"172" 172 1 57 0 61.6205589638535 56.5498534381094 51.2036455659399 42.6586589349633 0.144411160268604 1
"173" 173 0 72 1 69.190196445511 65.0300806808402 64.8195841106795 60.9868664680212 1.15413329731541 1
"174" 174 1 66 0 56.8319785740877 51.2081101889007 42.1233821492902 35.5698345949305 3.83289133873768 0
"175" 175 0 62 0 72.7794389224328 55.2950674985895 60.8955313220221 58.834777653221 0.36620392078203 1
"176" 176 1 71 1 72.0431138770485 61.9995564027823 59.3657174258434 50.135436053053 4.35977808339521 0
"177" 177 1 59 1 53.1787300567518 58.5790066963287 53.5011459903284 38.5274699203137 3.81473432993516 0
"178" 178 1 59 0 62.7205586851592 71.090522776304 53.3987987987044 52.7718409497302 6.14027307811193 0
"179" 179 1 62 0 63.7190690697511 55.7578526263564 57.4388447559596 46.823643356415 4.53853651485406 0
"180" 180 1 61 0 53.9179270413297 48.3663929536905 44.6546084355744 40.1860631291962 3.17407089634798 0
"181" 181 0 61 1 62.3705232909811 51.5392872864909 56.222492720776 56.3876201502195 4.89308853168041 0
"182" 182 0 61 1 62.6649967846201 62.3848459224295 58.6304309836206 53.1473256230172 0.609720348351597 1
"183" 183 1 55 1 58.4945197144075 54.1478683216839 52.2708581507536 36.3077275539393 4.55414094820659 1
"184" 184 1 70 0 61.2367804636538 49.0720579206692 46.6959854808907 38.0600519734611 3.50206814333797 0
"185" 185 0 55 1 65.0613641870266 58.1092514572871 57.4734360121101 50.295411423855 6.11631150287576 0
"186" 186 0 56 0 67.362240199958 58.7983683094625 60.8682301886235 54.3935004476049 0.930433723609895 0
"187" 187 1 55 0 60.2685182350033 59.2048548064254 50.5404672172108 36.9281929824805 0.332406648201868 0
"188" 188 0 75 1 67.3617870752982 63.2124314926443 57.6280101417665 51.1515157359803 1.88778564124368 0
"189" 189 0 66 1 58.7481365934675 61.879430876053 65.9155837326547 51.7678530424171 1.93188503663987 0
"190" 190 0 67 0 56.6271053523274 61.9020271886646 51.9609840752137 49.8259156245772 0.0251827762206283 1
"191" 191 0 46 1 56.7998872103698 51.7691589715988 46.3526159843451 39.6661604017435 0.854628480206726 1
"192" 192 0 59 0 59.9120476126805 50.5350058412224 58.1288396766261 48.8859065316524 2.64427783169484 1
"193" 193 0 71 1 65.2991630257929 62.5805922166405 59.4720867094602 59.6773689588669 5.58413064153865 0
"194" 194 1 73 0 67.925055757657 58.7902708184464 57.0688441048862 42.8930964735443 0.733378518605605 0
"195" 195 0 46 1 57.7394124527175 57.6160914514643 55.3212843700678 43.8431595425645 0.223660790827125 0
"196" 196 0 43 1 60.9022130561201 59.7487787823572 61.7002486643032 50.0050485912121 1.44607971259393 0
"197" 197 0 51 1 47.827620035468 55.9561261663403 56.1352197611126 47.4885609527519 4.36110208439641 0
"198" 198 1 51 0 64.5219739996303 60.1196256015169 50.9054266286618 53.7035608026339 2.89348796685226 0
"199" 199 1 68 1 57.2406637091266 49.3002184614785 48.6344033151332 42.0189732441034 1.30644909991257 1
"200" 200 0 66 0 70.0003568531048 70.8385494553715 63.4895576279198 51.3669674340353 0.474455824473873 1
"201" 201 1 76 1 69.345730709646 61.2245958428806 67.7720621626976 53.0186103552751 1.23097859252372 1
"202" 202 1 64 1 57.9469302454226 52.1320802731417 43.1547232667941 38.2887890125381 4.58500939281657 0
"203" 203 0 59 1 63.0899578781163 65.0148984567977 54.7023916402681 48.7505154910791 0.280694297823489 1
"204" 204 1 75 1 61.9342565133395 50.5271699365294 55.2013990196938 43.0452882064418 0.632457094267011 0
"205" 205 0 68 1 69.0233558678205 66.4931883443474 64.8653030691608 64.5473086190896 0.399565166971559 1
"206" 206 1 68 0 61.0076703568333 57.7923960698203 52.5902042543495 50.3698759942295 3.04054099577479 0
"207" 207 0 71 1 61.7546865624822 56.8244204973605 49.6617199990749 45.0778410677998 6.58722540084273 0
"208" 208 1 60 1 58.3465447428976 45.8669320245147 44.6868151896836 40.5106960361619 1.76175818755291 0
"209" 209 1 65 1 56.6394240458336 49.4131981851812 52.5035880336899 40.5195849808226 1.78664635308087 0
"210" 210 1 71 0 68.320171123002 60.3307153345971 46.492610747739 48.5529995881643 0.562159591071509 1
"211" 211 1 46 1 54.3569407898109 54.6691815758944 50.4626068285411 44.1156065490641 2.06320512876846 0
"212" 212 0 62 0 63.6180224169247 62.9920271479533 58.0282560028424 55.9673997504574 0.616397236975819 1
"213" 213 0 55 0 63.4755702881035 56.7061063335262 53.3158445910502 43.9302284609972 0.947709036991 0
"214" 214 0 55 0 52.3326787023471 53.9468757228467 51.1494591172683 48.685271572563 1.84928311523981 0
"215" 215 1 56 0 62.6389019493823 57.3275905281362 58.7990884004599 42.9270022266497 1.24489979911596 0
"216" 216 1 65 1 55.5331857382875 55.8927170305167 48.6058078417008 39.1653179257137 6.32257910398766 0
"217" 217 0 62 1 67.112517735832 70.1711627717548 63.8217188489386 61.3383698940381 0.657623576698825 0
"218" 218 0 53 1 72.2528773327284 72.4166373500049 65.1259181717109 68.7297218117388 2.48017780208722 1
"219" 219 0 67 1 71.0529013100551 71.7756683009968 68.0052960502227 62.2368704955412 0.843244037000237 1
"220" 220 0 66 0 68.4477893726126 64.2887350203395 54.8118920568273 53.5074122889524 4.32549971812541 1
"221" 221 0 66 0 69.1342301082875 65.2664745972389 65.2608568533476 57.1581750565126 1.78380036621226 1
"222" 222 1 65 1 54.5280591795544 54.5871229227279 49.8690081572879 42.1523504895267 0.0560374117922038 0
"223" 223 0 72 0 64.3104433467765 70.778073041906 69.885812623297 51.3164822782667 4.87391191675088 1
"224" 224 1 57 1 60.2856712839268 55.1921976757672 58.3743405084296 44.0638682623482 4.67180725862272 0
"225" 225 0 57 0 64.1532978574327 65.5751173733713 58.1324908454677 60.1230479460783 0.454943435600371 1
"226" 226 1 68 1 64.6177684105348 59.0094660897277 51.5079423426597 49.3678252862109 1.65435346867889 0
"227" 227 1 67 0 59.8146689237342 64.8517230643412 48.2417695448117 43.7845525071106 2.42628498764257 1
"228" 228 0 71 0 70.0961766783987 71.0725961739551 59.0052716836828 57.8895741340939 0.657896737995299 1
"229" 229 0 62 0 54.6708999204572 53.9485066306293 43.5223982174892 40.1247369755755 1.62720663612708 0
"230" 230 0 67 0 59.939253456708 63.3616651279023 60.819612992857 45.8620268035314 5.86160309286788 0
"231" 231 0 71 1 68.131207792905 55.2090651024233 59.5968479679381 59.6755578801957 3.45700170591831 1
"232" 232 0 56 0 62.0233975328785 61.3095439310755 58.3901320656905 50.67066712229 1.17639700532891 0
"233" 233 0 76 0 66.9682843059001 66.6221298416454 67.7275118448072 56.4206636996186 0.748208568917374 1
"234" 234 0 56 0 76.0156098947554 76.2275898323507 67.2091455942196 61.7494326223059 0.743275955106768 1
"235" 235 1 49 1 58.6946688747825 54.9756965985204 45.4834308872473 46.1102512216444 2.68479124982156 1
"236" 236 1 61 0 59.9614256904365 58.2056582428373 48.5610766392472 47.0278832796374 0.96114729775718 1
"237" 237 1 64 0 54.9700288928279 55.9031132340658 44.6247824346122 45.4765652677049 4.16987744279274 1
"238" 238 0 57 1 74.9189031466721 67.0571257472801 64.4861493018406 62.1575384051016 5.80395534233549 1
"239" 239 0 54 0 59.9828438018583 58.222069085268 60.4070066396899 53.6492554626086 3.37691921996884 0
"240" 240 1 57 0 69.1030670544084 61.6367652195227 56.5406513939931 42.8983056850989 2.42998255207203 0
